Step X = 0,0217948717948717948717948718
Step Y = 0,0128205128205128205128205128
283	200	220	131	84	69	59	62	60	64	63	60	58	66	62	61	72	74	55	67	60	70	57	66	59	60	61	62	59	70	60	61	63	69	57	57	54	57	59	64
307	235	159	129	95	57	61	58	62	62	55	63	76	52	60	58	74	68	56	62	67	60	58	59	62	73	55	63	55	62	55	54	70	58	64	63	68	55	57	58
305	224	172	123	80	51	57	62	69	55	61	51	65	62	64	68	68	68	68	92	59	70	66	58	71	54	56	56	86	63	59	57	68	62	64	59	62	63	84	69
258	204	179	127	89	56	68	68	64	63	59	51	57	63	62	53	62	64	59	68	62	70	66	55	59	63	61	57	54	63	59	65	65	62	55	63	55	58	82	70
283	219	170	129	82	63	54	60	53	61	67	74	64	69	63	69	56	61	55	62	64	64	69	59	57	65	58	57	71	62	65	69	69	64	62	63	66	58	59	65
329	242	155	111	70	60	59	70	59	62	59	71	62	61	69	57	61	54	56	62	56	63	65	60	60	60	66	48	54	61	64	61	54	62	66	54	80	66	62	56
295	239	196	111	72	56	59	57	60	65	67	61	76	60	59	65	62	77	66	53	55	58	64	58	65	61	60	67	65	63	58	73	64	58	80	65	52	58	61	53
316	264	179	122	82	74	66	60	56	64	52	49	72	57	55	57	60	57	58	60	73	60	61	89	70	60	73	66	91	78	87	114	93	79	88	85	50	60	61	54
277	242	176	115	82	53	55	64	54	61	54	69	58	71	57	67	62	63	55	62	48	61	65	65	61	63	62	88	112	151	148	180	168	166	121	128	74	66	70	77
253	206	213	107	67	57	63	54	56	61	71	60	58	74	67	61	53	62	60	64	55	59	69	59	60	71	107	144	210	239	267	297	276	235	193	165	118	72	62	64
270	229	159	120	66	58	57	61	63	68	52	64	67	60	66	61	54	54	58	52	60	64	60	70	82	163	219	280	348	430	452	456	539	420	336	238	205	101	70	57
343	229	185	131	77	67	69	64	64	62	61	66	56	54	77	57	56	74	51	61	67	52	64	86	123	212	345	487	639	649	712	831	811	573	462	339	204	132	84	67
309	235	162	122	81	73	62	57	56	56	68	61	67	56	64	83	66	62	65	67	65	66	92	139	224	378	615	690	1021	1292	1320	1390	1164	836	755	521	301	201	106	69
292	244	166	114	98	60	61	59	57	60	60	61	60	54	68	72	61	61	65	63	60	81	153	231	365	595	1012	1274	1504	1312	1531	1287	1603	1452	988	744	407	242	108	78
329	222	175	131	94	59	63	67	61	60	53	53	57	59	57	66	59	65	68	78	69	137	176	352	747	1039	1231	1533	1534	1558	1364	1461	1459	1288	1443	924	479	221	118	97
273	225	194	120	100	66	72	50	57	55	62	64	62	58	65	71	61	62	64	60	93	222	321	551	1051	1318	1531	1509	1609	1270	1221	1342	1268	1192	1335	869	523	284	133	77
251	255	176	133	72	90	67	60	61	60	67	66	67	71	55	65	80	60	64	74	159	291	572	893	1274	1482	1339	1612	1442	1421	1469	1516	1341	1340	1555	966	626	261	102	56
290	281	202	128	74	65	62	55	61	60	66	59	58	58	61	60	66	72	80	121	212	441	762	1184	1336	1365	1538	1568	1816	1546	1471	1296	1369	1413	1335	1047	497	244	95	60
328	237	175	140	76	67	62	56	63	62	55	68	71	63	71	67	74	93	137	165	340	616	1153	1434	1413	1539	1568	1473	1327	1845	1302	1522	1369	1389	1409	997	435	194	76	56
297	253	181	150	87	66	61	58	59	55	60	64	76	75	97	125	139	147	218	268	526	863	1334	1339	1246	1370	1153	1280	1403	1331	1674	1596	1051	1292	1383	782	442	143	69	57
310	236	173	125	88	57	59	60	75	69	66	91	125	154	209	223	210	246	318	459	642	1103	1360	1463	1615	1398	1355	1579	1508	1603	1428	1742	1467	1581	1301	573	293	139	69	64
279	278	239	132	76	59	64	60	63	78	128	150	241	263	343	382	409	366	472	531	973	1261	1557	1440	1298	1352	1185	1383	1334	1454	1278	1639	1488	1312	906	548	188	84	57	61
306	236	195	162	87	62	58	61	95	135	181	306	414	579	586	646	631	923	684	817	1200	1407	1389	1441	1276	1330	1775	1431	1974	1083	1423	1590	1121	1623	726	323	120	59	62	60
359	297	180	172	86	75	62	99	127	243	331	561	622	783	939	1008	932	956	1094	1082	1225	1505	1512	1248	1201	1475	1626	1553	1403	1424	1322	1414	1773	924	445	198	72	58	57	60
308	237	203	148	100	92	100	149	227	352	563	708	1095	1181	1260	1188	1700	1264	1301	1303	1166	1336	1292	1857	1323	1547	1351	1279	1326	1273	1463	1556	1445	645	379	97	70	60	69	56
335	306	233	152	130	115	132	207	388	817	1057	1206	1772	1798	1314	1436	1312	1411	1409	1482	1287	1314	1365	1514	1689	1299	1569	1495	1442	1415	1459	1426	604	322	188	59	68	69	75	78
296	334	224	152	118	148	234	410	583	1028	1256	1531	1849	1290	1511	1415	1463	1487	1460	1409	1385	1387	1337	1414	1294	1320	1295	1293	1510	1387	1550	670	430	222	72	79	67	60	59	62
326	271	254	193	219	212	327	681	1013	1517	1361	1486	1269	1415	1613	1539	2076	1511	1704	1338	1555	1432	1629	1533	1559	1902	1462	1364	1554	1225	815	573	203	114	79	70	64	74	64	80
393	307	263	187	250	368	682	1060	1711	1557	1826	1686	1787	1543	2058	1617	1861	1585	1949	1360	2064	1772	1869	1457	1605	1847	2016	1649	1404	698	513	227	110	71	83	67	77	73	77	83
334	374	265	265	282	429	990	1230	1970	1996	1612	1592	1374	1941	1351	1742	2133	1734	1974	1972	1456	1323	1345	1591	1496	1834	1456	877	618	422	252	135	78	106	90	103	98	102	103	84
416	372	346	430	452	637	1150	1481	1534	1783	1566	1742	1622	1674	1451	1375	1347	1710	1463	1968	1432	1095	896	911	786	840	663	518	317	214	139	109	107	134	129	146	104	126	117	138
418	347	336	467	703	980	1252	1849	1536	1517	1913	1305	1723	1847	1872	1671	1739	1612	1753	1918	1152	1003	537	536	565	552	342	333	273	160	156	163	149	132	132	184	197	148	158	148
435	437	476	567	800	1428	2040	1850	1685	1886	2039	1650	2219	1899	1501	1841	2007	1781	1873	1305	888	566	464	374	419	400	340	283	241	273	294	284	240	253	288	272	251	293	219	301
475	615	535	827	997	1777	1724	2024	1493	1864	1672	1848	1703	1628	1352	1960	2051	1607	1797	1315	995	541	463	339	393	356	429	304	400	405	400	351	385	368	382	413	465	419	361	266
468	442	620	728	1170	2253	1265	1586	1714	1447	1451	1873	1919	1820	1494	1443	1682	1605	1673	924	624	535	453	546	403	457	416	463	384	414	390	426	373	522	361	417	414	527	444	562
553	591	478	992	1117	1504	1531	1782	1885	1670	1549	1968	1966	1720	1836	1904	1532	2062	1078	693	609	511	499	535	547	586	585	581	620	581	653	581	618	629	595	699	576	521	553	616
594	521	541	1375	1623	1554	2095	1709	1248	1619	1449	1916	2059	1737	1585	2067	1165	1540	982	728	557	606	527	605	495	651	764	695	438	595	553	522	538	595	631	650	427	629	521	632
522	604	699	726	1211	1360	1582	1926	1662	1737	1616	1910	1687	1585	1849	1579	1654	1219	1009	599	708	613	769	648	642	687	841	881	609	755	534	592	658	729	584	730	803	781	684	775
528	567	797	944	1385	1480	1459	1559	1709	2221	1440	1320	1585	1923	1555	1473	1326	959	841	756	587	626	587	748	661	675	833	808	797	632	768	816	730	839	748	710	906	776	651	784
699	910	929	1204	1460	1770	1626	1824	1901	1584	2119	2044	1969	1870	1823	1327	1194	1122	864	696	623	890	778	790	702	889	879	814	860	829	934	963	714	788	683	832	902	907	977	694
